Index
100982
100927
100774
100248
101112
101081
100594
100250
100988
100833
101060
100148
100022
101288
101235
100475
103661
100758
100843
100517
101308
100139
101179
100010
100016
100285
100755
100008
101156
101046
100819
101203
101024
100738
100746
100593
101201
100815
100143
100744
100976
100599
100775
100743
100741
100737
100301
100002
100900
100909
100595
100985
100993
100133
100287
100479
100898
100147
100145
100469
101216
101212
101049
100806
101152
100144
100299
100017
101087
100024
100006
101296
100860
100881
100254
101228
100020
101234
100870
101070
100665
103557
100484
101186
100500
100866
100946
101241
101200
100483
100464
100602
100842
100453
100852
100152
101032
100242
100492
100872
100799
100933
100931
100202
101131
100768
100598
100490
101022
101507
100482
101134
100809
101306
104323
100498
100925
100904
101220
100771
100140
101291
100003
101110
100247
100855
101062
101130
100009
101094
101236
101298
100280
101215
100928
100820
100834
101063
100802
100960
101084
101229
100300
100807
100135
100451
100134
103479
101016
